# unix_time, cycles_done, cur_path, paths_total, pending_total, pending_favs, map_size, unique_crashes, unique_hangs, max_depth, execs_per_sec
1592584761, 0, 0, 1, 1, 1, 0.14%, 0, 0, 1, 42.19
1592584766, 0, 0, 16, 16, 1, 0.18%, 0, 0, 2, 49.31
1592584771, 0, 0, 20, 20, 1, 0.19%, 0, 0, 2, 51.21
1592584776, 0, 0, 30, 30, 1, 0.24%, 0, 0, 2, 51.77
1592584782, 0, 0, 37, 37, 1, 0.25%, 0, 0, 2, 51.56
1592584787, 0, 0, 40, 40, 1, 0.26%, 0, 0, 2, 51.71
1592584792, 0, 0, 45, 45, 1, 0.27%, 0, 0, 2, 51.81
1592584797, 0, 0, 48, 48, 1, 0.29%, 0, 0, 2, 51.52
1592584802, 0, 0, 52, 52, 1, 0.30%, 0, 0, 2, 50.61
1592584807, 0, 0, 54, 54, 1, 0.30%, 0, 0, 2, 51.41
1592584812, 0, 0, 56, 56, 1, 0.30%, 0, 0, 2, 51.66
1592584817, 0, 0, 58, 58, 1, 0.31%, 0, 0, 2, 50.72
1592584822, 0, 0, 59, 59, 1, 0.31%, 0, 0, 2, 51.59
1592584827, 0, 0, 61, 61, 1, 0.31%, 0, 0, 2, 51.51
1592584832, 0, 0, 63, 63, 1, 0.32%, 0, 0, 2, 51.86
1592584843, 0, 0, 63, 63, 1, 0.32%, 0, 1, 2, 49.89
1592584853, 0, 0, 64, 64, 1, 0.32%, 0, 1, 2, 51.42
1592584858, 0, 0, 65, 65, 1, 0.34%, 0, 1, 2, 51.94
1592584868, 0, 0, 66, 66, 1, 0.34%, 0, 1, 2, 51.80
1592584878, 0, 0, 67, 67, 1, 0.34%, 0, 1, 2, 51.47
1592584914, 0, 0, 68, 68, 1, 0.35%, 0, 1, 2, 51.02
1592584955, 0, 0, 69, 69, 1, 0.35%, 1, 1, 2, 51.62
1592584965, 0, 0, 71, 71, 1, 0.35%, 1, 1, 2, 51.88
1592585000, 0, 0, 72, 72, 1, 0.36%, 1, 1, 2, 52.01
1592585010, 0, 0, 73, 73, 1, 0.36%, 1, 1, 2, 51.57
1592585031, 0, 0, 74, 74, 1, 0.36%, 1, 1, 2, 51.91
1592585056, 0, 0, 75, 75, 1, 0.36%, 1, 1, 2, 51.94
1592585082, 0, 0, 76, 76, 1, 0.36%, 1, 1, 2, 52.03
1592585112, 0, 0, 77, 77, 1, 0.36%, 1, 1, 2, 51.55
1592585132, 0, 0, 78, 78, 1, 0.36%, 1, 1, 2, 51.60
1592585137, 0, 0, 78, 78, 1, 0.36%, 1, 2, 2, 49.80
1592585143, 0, 0, 80, 80, 1, 0.36%, 1, 2, 2, 51.09
1592585153, 0, 0, 81, 81, 1, 0.36%, 1, 2, 2, 51.87
1592585158, 0, 0, 82, 82, 1, 0.37%, 1, 2, 2, 52.01
1592585209, 0, 0, 83, 83, 1, 0.37%, 1, 2, 2, 51.85
1592585234, 0, 0, 84, 84, 1, 0.37%, 1, 2, 2, 51.41
1592585260, 0, 0, 84, 84, 1, 0.37%, 2, 2, 2, 50.98
1592585290, 0, 0, 85, 85, 1, 0.37%, 2, 2, 2, 50.10
1592585305, 0, 0, 86, 86, 1, 0.37%, 2, 2, 2, 51.49
1592585397, 0, 0, 87, 87, 1, 0.37%, 2, 2, 2, 51.96
1592585402, 0, 0, 88, 88, 1, 0.38%, 2, 2, 2, 51.38
1592585412, 0, 8, 88, 87, 29, 0.38%, 2, 2, 2, 51.36
1592585432, 0, 8, 89, 88, 29, 0.38%, 2, 2, 3, 51.81
1592585463, 0, 15, 89, 87, 28, 0.38%, 2, 2, 3, 50.47
1592585488, 0, 18, 89, 86, 27, 0.38%, 2, 2, 3, 51.45
1592585508, 0, 18, 89, 86, 27, 0.38%, 3, 2, 3, 50.58
1592585519, 0, 20, 89, 85, 26, 0.38%, 3, 2, 3, 51.06
1592585544, 0, 20, 90, 86, 26, 0.38%, 3, 2, 3, 52.18
1592585559, 0, 20, 91, 87, 26, 0.38%, 3, 2, 3, 52.07
1592585574, 0, 20, 92, 88, 26, 0.38%, 3, 2, 3, 51.57
1592585589, 0, 20, 93, 89, 26, 0.38%, 3, 2, 3, 52.05
1592585594, 0, 20, 94, 90, 26, 0.38%, 3, 2, 3, 52.14
1592585605, 0, 20, 95, 91, 26, 0.38%, 3, 2, 3, 51.37
1592585635, 0, 20, 96, 92, 26, 0.39%, 3, 2, 3, 51.50
1592585671, 0, 20, 97, 93, 26, 0.39%, 3, 2, 3, 51.98
1592585676, 0, 20, 98, 94, 26, 0.39%, 3, 2, 3, 51.98
1592585696, 0, 20, 99, 95, 26, 0.39%, 3, 2, 3, 52.20
1592585747, 0, 20, 100, 96, 26, 0.39%, 3, 2, 3, 51.27
1592585798, 0, 20, 101, 97, 26, 0.39%, 3, 2, 3, 51.59
1592585818, 0, 20, 102, 98, 26, 0.39%, 3, 2, 3, 51.97
1592585849, 0, 20, 103, 99, 26, 0.39%, 3, 2, 3, 52.07
1592585854, 0, 20, 104, 100, 26, 0.39%, 3, 2, 3, 51.78
1592585859, 0, 20, 105, 101, 26, 0.39%, 3, 2, 3, 52.08
1592585909, 0, 20, 106, 102, 26, 0.39%, 3, 2, 3, 51.90
1592585925, 0, 20, 109, 105, 26, 0.39%, 3, 2, 3, 51.64
1592585981, 0, 20, 110, 106, 26, 0.39%, 3, 2, 3, 51.06
1592586087, 0, 20, 111, 107, 26, 0.39%, 3, 2, 3, 50.74
1592586118, 0, 20, 112, 108, 26, 0.39%, 3, 2, 3, 51.23
1592586158, 0, 26, 112, 107, 29, 0.39%, 3, 2, 3, 50.92
1592586179, 0, 27, 112, 106, 28, 0.39%, 3, 2, 3, 50.85
1592586214, 0, 29, 112, 105, 27, 0.39%, 3, 2, 3, 50.62
1592586220, 0, 29, 113, 106, 27, 0.39%, 3, 2, 3, 50.58
1592586316, 0, 29, 114, 107, 27, 0.40%, 3, 2, 3, 50.77
1592586321, 0, 29, 117, 110, 27, 0.40%, 3, 2, 3, 50.53
1592586326, 0, 29, 117, 110, 27, 0.40%, 3, 3, 3, 50.37
1592586331, 0, 29, 119, 112, 27, 0.40%, 3, 3, 3, 50.26
1592586336, 0, 29, 121, 114, 27, 0.40%, 3, 3, 3, 50.57
1592586341, 0, 29, 122, 115, 27, 0.40%, 3, 3, 3, 50.56
1592586346, 0, 29, 123, 116, 27, 0.40%, 4, 3, 3, 50.50
1592586352, 0, 29, 124, 117, 27, 0.40%, 4, 3, 3, 48.93
1592586362, 0, 29, 125, 118, 27, 0.40%, 4, 4, 3, 49.12
1592586367, 0, 29, 126, 119, 27, 0.40%, 4, 4, 3, 50.27
1592586372, 0, 29, 127, 120, 27, 0.40%, 4, 4, 3, 50.44
1592586377, 0, 29, 127, 120, 27, 0.40%, 5, 4, 3, 49.98
1592586382, 0, 29, 128, 121, 27, 0.40%, 5, 4, 3, 51.32
1592586387, 0, 29, 129, 122, 27, 0.40%, 5, 4, 3, 50.72
1592586402, 0, 29, 131, 124, 27, 0.40%, 5, 4, 3, 50.40
1592586413, 0, 29, 132, 125, 27, 0.40%, 5, 4, 3, 50.26
1592586418, 0, 29, 133, 126, 27, 0.40%, 5, 5, 3, 49.08
1592586438, 0, 29, 134, 127, 27, 0.40%, 5, 5, 3, 50.43
1592586443, 0, 29, 134, 127, 27, 0.40%, 6, 5, 3, 50.37
1592586453, 0, 29, 134, 127, 27, 0.40%, 6, 6, 3, 49.17
1592586500, 0, 29, 135, 128, 27, 0.40%, 6, 6, 3, 49.43
1592586505, 0, 29, 136, 129, 27, 0.40%, 6, 6, 3, 48.09
1592586510, 0, 29, 136, 129, 27, 0.40%, 6, 7, 3, 47.06
1592586535, 0, 29, 137, 130, 27, 0.40%, 6, 7, 3, 48.57
1592586546, 0, 29, 138, 131, 27, 0.40%, 6, 7, 3, 49.66
1592586551, 0, 29, 140, 133, 27, 0.40%, 6, 7, 3, 51.75
1592586561, 0, 29, 141, 134, 27, 0.40%, 6, 7, 3, 51.52
1592586576, 0, 29, 142, 135, 27, 0.40%, 6, 7, 3, 51.31
1592586591, 0, 29, 142, 135, 27, 0.40%, 7, 7, 3, 50.98
1592586612, 0, 29, 143, 136, 27, 0.40%, 7, 7, 3, 48.85
1592586617, 0, 29, 144, 137, 27, 0.40%, 7, 7, 3, 50.81
1592586642, 0, 29, 144, 137, 27, 0.40%, 7, 8, 3, 50.49
1592586658, 0, 29, 144, 137, 27, 0.40%, 8, 8, 3, 51.32
1592586663, 0, 29, 144, 137, 27, 0.40%, 9, 8, 3, 50.61
1592586693, 0, 29, 145, 138, 27, 0.40%, 9, 8, 3, 51.38
1592586698, 0, 29, 145, 138, 27, 0.40%, 9, 9, 3, 50.41
1592586759, 0, 29, 145, 138, 27, 0.40%, 10, 9, 3, 49.88
1592586764, 0, 29, 145, 138, 27, 0.40%, 10, 10, 3, 51.23
1592586780, 0, 29, 146, 139, 27, 0.40%, 10, 10, 3, 50.85
1592586856, 0, 29, 146, 139, 27, 0.40%, 10, 11, 3, 51.81
1592586911, 0, 29, 146, 139, 27, 0.40%, 11, 11, 3, 51.74
1592586916, 0, 29, 146, 139, 27, 0.40%, 12, 11, 3, 51.54
1592586926, 0, 29, 147, 140, 27, 0.40%, 12, 11, 3, 51.90
1592586931, 0, 29, 148, 141, 27, 0.40%, 12, 11, 3, 52.62
1592586936, 0, 29, 148, 141, 27, 0.40%, 12, 12, 3, 51.23
1592586956, 0, 30, 148, 140, 30, 0.40%, 12, 12, 3, 52.13
1592586992, 0, 37, 148, 139, 29, 0.40%, 12, 12, 3, 51.81
1592587017, 0, 40, 148, 138, 28, 0.40%, 12, 12, 3, 52.33
1592587047, 0, 47, 148, 137, 27, 0.40%, 12, 12, 3, 52.60
1592587068, 0, 47, 149, 138, 27, 0.40%, 12, 12, 3, 52.04
1592587093, 0, 49, 149, 137, 26, 0.40%, 12, 12, 3, 52.43
1592587124, 0, 50, 149, 136, 25, 0.40%, 12, 12, 3, 51.01
1592587149, 0, 50, 150, 137, 25, 0.40%, 12, 12, 3, 52.40
1592587174, 0, 51, 150, 136, 24, 0.40%, 12, 12, 3, 52.14
1592587199, 0, 54, 150, 135, 23, 0.40%, 12, 12, 3, 52.60
1592587305, 0, 56, 150, 134, 22, 0.40%, 12, 12, 3, 52.01
1592587335, 0, 59, 150, 133, 21, 0.40%, 12, 12, 3, 52.07
1592587361, 0, 61, 150, 132, 20, 0.40%, 12, 12, 3, 51.73
1592587386, 0, 61, 151, 133, 20, 0.40%, 12, 12, 3, 52.12
1592587396, 0, 61, 152, 134, 20, 0.40%, 12, 12, 3, 52.70
1592587407, 0, 61, 154, 136, 20, 0.40%, 12, 12, 3, 52.92
1592587437, 0, 61, 155, 137, 20, 0.40%, 12, 12, 3, 51.59
1592587457, 0, 61, 156, 138, 20, 0.40%, 12, 12, 3, 52.68
1592587502, 0, 61, 157, 139, 20, 0.40%, 12, 12, 3, 52.42
1592587528, 0, 61, 158, 140, 20, 0.40%, 12, 12, 3, 51.51
1592587533, 0, 61, 159, 141, 20, 0.40%, 12, 12, 3, 52.06
1592587558, 0, 61, 159, 141, 20, 0.40%, 13, 12, 3, 51.81
1592587579, 0, 61, 159, 141, 20, 0.40%, 14, 12, 3, 52.13
1592587594, 0, 61, 160, 142, 20, 0.40%, 14, 12, 3, 52.19
1592587604, 0, 61, 161, 143, 20, 0.40%, 14, 12, 3, 52.59
1592587675, 0, 61, 162, 144, 20, 0.40%, 14, 12, 3, 52.10
1592587690, 0, 61, 163, 145, 20, 0.40%, 14, 12, 3, 52.42
1592587740, 0, 61, 163, 145, 20, 0.40%, 14, 13, 3, 52.08
1592587821, 0, 61, 165, 147, 20, 0.40%, 14, 13, 3, 51.52
1592587836, 0, 61, 166, 148, 20, 0.40%, 14, 13, 3, 52.19
1592587887, 0, 61, 167, 149, 20, 0.40%, 14, 13, 3, 52.66
1592587998, 0, 66, 168, 149, 19, 0.40%, 14, 13, 3, 52.09
1592588090, 0, 66, 168, 149, 19, 0.40%, 15, 13, 3, 52.45
1592588095, 0, 71, 168, 148, 19, 0.40%, 15, 13, 3, 52.09
1592588196, 0, 71, 169, 149, 19, 0.40%, 16, 14, 3, 50.72
1592588211, 0, 71, 171, 151, 19, 0.40%, 16, 14, 3, 52.07
1592588216, 0, 71, 173, 153, 19, 0.40%, 16, 14, 3, 52.25
1592588236, 0, 71, 175, 155, 19, 0.40%, 16, 14, 3, 51.99
1592588241, 0, 71, 176, 156, 19, 0.40%, 16, 14, 3, 52.63
1592588246, 0, 71, 177, 157, 19, 0.40%, 17, 14, 3, 51.81
1592588256, 0, 71, 178, 158, 19, 0.40%, 17, 14, 3, 51.61
1592588261, 0, 71, 179, 159, 19, 0.40%, 17, 14, 3, 51.93
1592588271, 0, 71, 180, 160, 19, 0.40%, 17, 14, 3, 52.62
1592588287, 0, 71, 181, 161, 19, 0.40%, 17, 14, 3, 52.17
1592588307, 0, 71, 181, 161, 19, 0.40%, 18, 14, 3, 52.22
1592588327, 0, 71, 182, 162, 19, 0.40%, 18, 14, 3, 52.32
1592588332, 0, 71, 183, 163, 19, 0.40%, 18, 14, 3, 52.09
1592588363, 0, 71, 183, 163, 19, 0.40%, 18, 15, 3, 50.58
1592588368, 0, 71, 184, 164, 19, 0.40%, 18, 15, 3, 51.96
1592588383, 0, 71, 186, 166, 19, 0.40%, 18, 15, 3, 52.58
1592588393, 0, 71, 187, 167, 19, 0.40%, 18, 15, 3, 51.56
1592588403, 0, 71, 187, 167, 19, 0.40%, 18, 16, 3, 51.97
1592588418, 0, 71, 188, 168, 19, 0.40%, 18, 17, 3, 51.26
1592588428, 0, 71, 189, 169, 19, 0.40%, 19, 17, 3, 51.77
1592588464, 0, 71, 189, 169, 19, 0.40%, 19, 18, 3, 51.57
1592588499, 0, 71, 189, 169, 19, 0.40%, 19, 19, 3, 52.16
1592588535, 0, 71, 189, 169, 19, 0.40%, 20, 19, 3, 52.14
1592588596, 0, 71, 190, 170, 19, 0.40%, 20, 19, 3, 51.89
1592588611, 0, 71, 190, 170, 19, 0.40%, 20, 20, 3, 51.79
1592588621, 0, 71, 191, 171, 19, 0.40%, 20, 20, 3, 52.66
1592588657, 0, 71, 191, 171, 19, 0.40%, 21, 20, 3, 51.24
1592588662, 0, 71, 192, 172, 19, 0.40%, 21, 20, 3, 51.73
1592588692, 0, 71, 192, 172, 19, 0.40%, 22, 20, 3, 51.56
1592588707, 0, 71, 192, 172, 19, 0.40%, 22, 21, 3, 49.68
1592588723, 0, 71, 192, 172, 19, 0.40%, 23, 21, 3, 50.87
1592588738, 0, 71, 192, 172, 19, 0.40%, 24, 21, 3, 52.53
1592588748, 0, 71, 192, 172, 19, 0.40%, 25, 21, 3, 51.87
1592588753, 0, 71, 193, 173, 19, 0.40%, 26, 21, 3, 51.73
1592588768, 0, 71, 194, 174, 19, 0.40%, 26, 21, 3, 52.69
1592588814, 0, 74, 194, 173, 18, 0.40%, 26, 21, 3, 50.92
1592588844, 0, 75, 194, 172, 17, 0.40%, 26, 21, 3, 52.64
1592588930, 0, 75, 195, 173, 17, 0.40%, 26, 21, 3, 52.14
1592588956, 0, 77, 195, 172, 17, 0.40%, 26, 21, 3, 51.99
1592589072, 0, 80, 195, 171, 16, 0.40%, 26, 21, 3, 52.31
1592589234, 0, 81, 195, 170, 15, 0.40%, 26, 21, 3, 52.54
1592589264, 0, 87, 195, 169, 14, 0.40%, 26, 21, 3, 52.33
1592589376, 0, 87, 196, 170, 14, 0.40%, 26, 21, 3, 51.85
1592589386, 0, 87, 196, 170, 14, 0.40%, 27, 21, 3, 52.80
1592589391, 0, 87, 197, 171, 14, 0.40%, 27, 21, 3, 52.71
1592589396, 0, 87, 197, 171, 14, 0.40%, 28, 21, 3, 52.60
1592589407, 0, 87, 198, 172, 14, 0.40%, 28, 21, 3, 51.53
1592589432, 0, 87, 199, 173, 14, 0.40%, 28, 21, 3, 52.01
1592589442, 0, 87, 200, 174, 14, 0.40%, 28, 21, 3, 51.12
1592589457, 0, 87, 201, 175, 14, 0.40%, 28, 21, 3, 52.10
1592589477, 0, 87, 202, 176, 14, 0.40%, 28, 21, 3, 52.32
1592589513, 0, 87, 202, 176, 14, 0.40%, 28, 22, 3, 49.78
1592589518, 0, 87, 202, 176, 14, 0.40%, 29, 22, 3, 50.98
1592589543, 0, 87, 203, 177, 14, 0.40%, 29, 22, 3, 51.27
1592589563, 0, 87, 203, 177, 14, 0.40%, 30, 22, 3, 50.89
1592589583, 0, 87, 203, 177, 14, 0.40%, 30, 23, 3, 50.41
1592589634, 0, 87, 204, 178, 14, 0.40%, 30, 23, 3, 50.90
1592589644, 0, 87, 205, 179, 14, 0.40%, 30, 23, 3, 50.42
1592589649, 0, 87, 206, 180, 14, 0.40%, 30, 23, 3, 50.18
1592589685, 0, 87, 206, 180, 14, 0.40%, 31, 23, 3, 51.61
1592589736, 0, 87, 206, 180, 14, 0.40%, 32, 23, 3, 51.65
1592589806, 0, 87, 207, 181, 14, 0.40%, 32, 23, 3, 51.95
1592589821, 0, 87, 208, 182, 14, 0.40%, 32, 23, 3, 51.90
1592589857, 0, 87, 208, 182, 14, 0.40%, 32, 24, 3, 48.76
1592589902, 0, 87, 208, 182, 14, 0.40%, 32, 25, 3, 51.86
1592589927, 0, 87, 208, 182, 14, 0.40%, 32, 27, 3, 50.88
1592589968, 0, 87, 209, 183, 14, 0.40%, 32, 27, 3, 52.38
1592589978, 0, 87, 210, 184, 14, 0.40%, 32, 27, 3, 51.79
1592589983, 0, 95, 210, 183, 14, 0.40%, 32, 27, 3, 50.80
1592590014, 0, 99, 210, 182, 13, 0.40%, 32, 27, 3, 50.88
1592590140, 0, 99, 211, 183, 13, 0.40%, 32, 27, 4, 51.32
1592590155, 0, 99, 212, 184, 13, 0.40%, 32, 27, 4, 51.32
1592590161, 0, 99, 213, 185, 13, 0.40%, 32, 27, 4, 51.32
1592590181, 0, 99, 213, 185, 13, 0.40%, 33, 27, 4, 50.94
1592590191, 0, 99, 214, 186, 13, 0.40%, 34, 27, 4, 51.34
1592590196, 0, 99, 215, 187, 13, 0.40%, 34, 27, 4, 51.04
1592590252, 0, 99, 215, 187, 13, 0.40%, 35, 27, 4, 51.46
1592590262, 0, 99, 216, 188, 13, 0.40%, 35, 27, 4, 52.12
1592590277, 0, 99, 216, 188, 13, 0.40%, 35, 28, 4, 52.18
1592590318, 0, 99, 217, 189, 13, 0.40%, 35, 28, 4, 51.82
1592590323, 0, 99, 217, 189, 13, 0.40%, 36, 28, 4, 52.06
1592590369, 0, 99, 218, 190, 13, 0.40%, 36, 28, 4, 51.79
1592590440, 0, 99, 219, 191, 13, 0.40%, 36, 28, 4, 51.98
1592590490, 0, 99, 219, 191, 13, 0.40%, 36, 29, 4, 51.08
1592590642, 0, 99, 220, 192, 13, 0.40%, 36, 29, 4, 51.50
1592590743, 0, 102, 220, 191, 11, 0.40%, 36, 29, 4, 51.31
1592590748, 0, 102, 220, 191, 11, 0.40%, 37, 30, 4, 50.71
1592590956, 0, 109, 220, 190, 10, 0.40%, 37, 30, 4, 45.43
1592591231, 0, 109, 221, 191, 10, 0.40%, 37, 30, 4, 49.35
1592591236, 0, 109, 221, 191, 10, 0.40%, 37, 31, 4, 49.15
1592591256, 0, 109, 222, 192, 10, 0.40%, 37, 32, 4, 49.83
1592591261, 0, 109, 223, 193, 10, 0.40%, 37, 32, 4, 47.93
1592591322, 0, 109, 224, 194, 10, 0.40%, 37, 32, 4, 47.98
1592591333, 0, 109, 224, 194, 10, 0.40%, 38, 32, 4, 46.85
1592591465, 0, 109, 225, 195, 10, 0.40%, 38, 32, 4, 47.55
1592591706, 0, 109, 226, 196, 10, 0.40%, 38, 32, 4, 45.51
1592591751, 0, 109, 226, 196, 10, 0.40%, 38, 33, 4, 46.05
1592591838, 0, 109, 227, 197, 10, 0.40%, 38, 33, 4, 46.70
1592591894, 0, 113, 227, 196, 9, 0.40%, 38, 33, 4, 48.38
1592592092, 0, 137, 227, 195, 8, 0.40%, 38, 33, 4, 47.29
1592592255, 0, 138, 227, 194, 8, 0.40%, 38, 33, 4, 49.67
1592592387, 0, 140, 227, 193, 7, 0.40%, 38, 33, 4, 50.67
1592592630, 0, 149, 227, 192, 6, 0.40%, 38, 33, 4, 52.07
1592592635, 0, 149, 228, 193, 6, 0.40%, 38, 33, 4, 52.22
1592592721, 0, 149, 229, 194, 6, 0.40%, 38, 33, 4, 52.33
1592592731, 0, 149, 230, 195, 6, 0.40%, 39, 33, 4, 51.81
1592592741, 0, 149, 231, 196, 6, 0.40%, 39, 33, 4, 51.60
1592592756, 0, 149, 232, 197, 6, 0.40%, 39, 33, 4, 51.39
1592592761, 0, 149, 232, 197, 6, 0.40%, 39, 34, 4, 51.34
1592592807, 0, 149, 232, 197, 6, 0.40%, 39, 35, 4, 50.53
1592592862, 0, 149, 233, 198, 6, 0.40%, 39, 35, 4, 51.27
1592592867, 0, 149, 234, 199, 6, 0.40%, 39, 35, 4, 52.40
1592592888, 0, 149, 235, 200, 6, 0.40%, 39, 35, 4, 52.17
1592592893, 0, 149, 236, 201, 6, 0.40%, 39, 35, 4, 52.77
1592592903, 0, 149, 236, 201, 6, 0.40%, 39, 36, 4, 49.39
1592592913, 0, 149, 237, 202, 6, 0.40%, 39, 36, 4, 52.26
1592593019, 0, 149, 238, 203, 6, 0.40%, 39, 36, 4, 49.59
1592593060, 0, 149, 238, 203, 6, 0.40%, 39, 37, 4, 46.92
1592593248, 0, 149, 239, 204, 6, 0.40%, 39, 37, 4, 50.75
1592593283, 0, 149, 240, 205, 6, 0.40%, 39, 37, 4, 52.18
1592593349, 0, 159, 240, 204, 5, 0.40%, 39, 37, 4, 49.36
1592593400, 0, 159, 241, 205, 5, 0.40%, 39, 37, 4, 51.81
1592593405, 0, 159, 242, 206, 5, 0.40%, 39, 37, 4, 52.79
1592593415, 0, 159, 243, 207, 5, 0.40%, 39, 37, 4, 51.05
1592593466, 0, 159, 243, 207, 5, 0.40%, 40, 37, 4, 51.62
1592593481, 0, 208, 243, 206, 5, 0.40%, 40, 37, 4, 49.92
1592593501, 0, 208, 243, 206, 5, 0.40%, 40, 38, 4, 50.86
1592593597, 0, 208, 244, 207, 5, 0.40%, 40, 38, 4, 49.16
1592593607, 0, 208, 244, 207, 5, 0.40%, 40, 39, 4, 49.82
1592593633, 0, 208, 244, 207, 5, 0.40%, 41, 39, 4, 50.34
1592593638, 0, 218, 244, 206, 4, 0.40%, 41, 39, 4, 49.73
1592593892, 0, 218, 245, 207, 4, 0.40%, 41, 39, 5, 50.06
1592593948, 0, 227, 245, 206, 3, 0.40%, 41, 39, 5, 52.03
1592594085, 0, 242, 245, 205, 2, 0.40%, 41, 39, 5, 49.89
1592594196, 0, 242, 246, 206, 2, 0.40%, 41, 40, 5, 49.75
1592594201, 0, 242, 247, 207, 2, 0.40%, 41, 40, 5, 50.14
1592594262, 0, 242, 247, 207, 2, 0.40%, 41, 41, 5, 49.34
1592594273, 0, 242, 248, 208, 2, 0.40%, 41, 41, 5, 49.85
1592594283, 0, 242, 249, 209, 2, 0.40%, 41, 41, 5, 50.75
1592594308, 0, 242, 250, 210, 2, 0.40%, 41, 41, 5, 51.62
1592594374, 0, 242, 251, 211, 2, 0.40%, 41, 41, 5, 49.35
1592594414, 0, 242, 252, 212, 2, 0.40%, 41, 41, 5, 49.39
1592594425, 0, 242, 252, 212, 2, 0.40%, 41, 42, 5, 49.12
1592594597, 0, 242, 252, 212, 2, 0.40%, 42, 42, 5, 49.33
1592594739, 0, 242, 253, 213, 2, 0.40%, 42, 42, 5, 49.49
1592594825, 1, 38, 253, 212, 1, 0.40%, 42, 42, 5, 49.86
1592594866, 1, 39, 253, 211, 0, 0.40%, 42, 42, 5, 50.98
1592594922, 1, 47, 253, 210, 0, 0.40%, 42, 42, 5, 49.88
1592594942, 1, 48, 253, 210, 0, 0.40%, 42, 42, 5, 49.72
1592594983, 1, 49, 253, 209, 0, 0.40%, 42, 42, 5, 49.51
1592595003, 1, 50, 253, 209, 0, 0.40%, 42, 42, 5, 49.72
1592595019, 1, 51, 253, 209, 0, 0.40%, 42, 42, 5, 49.73
1592595039, 1, 54, 253, 209, 0, 0.40%, 42, 42, 5, 49.52
1592595059, 1, 56, 253, 209, 0, 0.40%, 42, 42, 5, 49.83
1592595080, 1, 57, 253, 209, 0, 0.40%, 42, 42, 5, 49.70
1592595105, 1, 59, 253, 208, 0, 0.40%, 42, 42, 5, 49.33
1592595126, 1, 68, 253, 208, 0, 0.40%, 42, 42, 5, 50.58
1592595264, 1, 71, 253, 207, 0, 0.40%, 42, 42, 5, 51.39
1592595284, 1, 74, 253, 207, 0, 0.40%, 42, 42, 5, 50.68
1592595304, 1, 76, 253, 207, 0, 0.40%, 42, 42, 5, 51.19
1592595447, 1, 76, 254, 208, 0, 0.40%, 42, 42, 5, 50.45
1592595457, 1, 76, 255, 209, 0, 0.40%, 42, 42, 5, 50.58
1592595503, 1, 76, 256, 210, 0, 0.40%, 42, 42, 5, 47.90
1592595518, 1, 76, 257, 211, 0, 0.40%, 42, 42, 5, 50.29
1592595523, 1, 76, 258, 212, 0, 0.40%, 42, 42, 5, 50.04
1592595590, 1, 76, 259, 213, 0, 0.40%, 42, 42, 5, 48.71
1592595682, 1, 76, 260, 214, 0, 0.40%, 42, 42, 5, 49.09
1592595738, 1, 76, 261, 215, 0, 0.40%, 42, 42, 5, 49.77
1592595758, 1, 76, 262, 216, 0, 0.40%, 42, 42, 5, 50.05
1592595763, 1, 76, 263, 217, 0, 0.40%, 42, 42, 5, 48.57
1592595815, 1, 76, 264, 218, 0, 0.40%, 42, 42, 5, 48.96
1592595825, 1, 76, 265, 219, 0, 0.40%, 42, 42, 5, 49.43
1592595876, 1, 76, 266, 220, 0, 0.40%, 42, 42, 5, 50.44
1592595932, 1, 76, 267, 221, 0, 0.40%, 42, 42, 5, 49.31
1592595988, 1, 76, 268, 222, 0, 0.40%, 42, 42, 5, 50.34
1592596085, 1, 77, 268, 221, 0, 0.40%, 42, 42, 5, 50.35
1592596100, 1, 80, 268, 221, 0, 0.40%, 42, 42, 5, 51.33
1592596121, 1, 81, 268, 221, 0, 0.40%, 42, 42, 5, 50.31
1592596141, 1, 84, 268, 221, 0, 0.40%, 42, 42, 5, 51.24
1592596217, 1, 87, 268, 220, 0, 0.40%, 42, 42, 5, 47.47
1592596237, 1, 93, 268, 220, 0, 0.40%, 42, 42, 5, 50.54
1592596349, 1, 94, 268, 219, 0, 0.40%, 42, 42, 5, 50.97
1592596558, 1, 95, 268, 218, 0, 0.40%, 42, 42, 5, 49.79
1592596578, 1, 98, 268, 218, 0, 0.40%, 42, 42, 5, 50.57
1592596696, 1, 101, 268, 217, 0, 0.40%, 42, 42, 5, 50.75
1592596803, 1, 102, 268, 216, 0, 0.40%, 42, 42, 5, 49.27
1592596824, 1, 105, 268, 216, 0, 0.40%, 42, 42, 5, 50.41
1592596864, 1, 107, 268, 215, 0, 0.40%, 42, 42, 5, 50.00
1592597166, 1, 109, 268, 214, 0, 0.40%, 42, 42, 5, 48.12
1592597187, 1, 111, 268, 214, 0, 0.40%, 42, 42, 5, 49.66
1592597453, 1, 113, 268, 213, 0, 0.40%, 42, 42, 5, 45.42
1592597473, 1, 114, 268, 213, 0, 0.40%, 42, 42, 5, 46.10
1592597704, 1, 118, 268, 212, 0, 0.40%, 42, 42, 5, 48.95
1592597878, 1, 132, 268, 211, 0, 0.40%, 42, 42, 5, 48.75
1592598072, 1, 132, 268, 211, 0, 0.40%, 42, 43, 5, 49.23
1592598200, 1, 132, 269, 212, 0, 0.40%, 42, 43, 5, 50.21
1592598220, 1, 133, 269, 211, 0, 0.40%, 42, 43, 5, 50.54
1592598521, 1, 133, 270, 212, 0, 0.40%, 42, 43, 5, 48.55
1592598547, 1, 133, 271, 213, 0, 0.40%, 42, 43, 5, 49.16
1592598577, 1, 133, 272, 214, 0, 0.40%, 42, 43, 5, 47.56
1592598613, 1, 133, 273, 215, 0, 0.40%, 42, 43, 5, 51.29
1592598623, 1, 133, 274, 216, 0, 0.40%, 42, 43, 5, 50.93
1592598628, 1, 133, 276, 218, 0, 0.40%, 42, 43, 5, 43.84
1592598669, 1, 133, 277, 219, 0, 0.40%, 42, 43, 5, 47.94
1592598679, 1, 133, 278, 220, 0, 0.40%, 42, 43, 5, 47.01
1592598704, 1, 133, 279, 221, 0, 0.40%, 42, 43, 5, 49.40
1592598816, 1, 133, 280, 222, 0, 0.40%, 42, 43, 5, 48.75
1592599025, 1, 133, 281, 223, 0, 0.40%, 42, 43, 5, 49.74
1592599172, 1, 135, 282, 223, 0, 0.40%, 42, 43, 5, 51.60
1592599492, 1, 138, 282, 222, 0, 0.40%, 42, 43, 5, 51.45
1592599512, 1, 140, 283, 223, 0, 0.40%, 42, 43, 5, 52.45
1592599547, 1, 146, 283, 223, 0, 0.40%, 42, 43, 5, 53.10
1592599857, 1, 148, 283, 222, 0, 0.40%, 42, 43, 5, 51.89
1592599893, 1, 149, 283, 221, 0, 0.40%, 42, 43, 5, 52.91
1592599914, 1, 153, 283, 221, 0, 0.40%, 42, 43, 5, 52.72
1592600007, 1, 153, 284, 222, 0, 0.40%, 42, 43, 5, 52.56
1592600038, 1, 158, 284, 221, 0, 0.40%, 42, 43, 5, 53.23
1592600094, 1, 159, 284, 220, 0, 0.40%, 42, 43, 5, 53.07
1592600115, 1, 161, 284, 220, 0, 0.40%, 42, 43, 5, 53.23
1592600224, 1, 161, 285, 221, 0, 0.40%, 42, 43, 5, 53.01
1592600260, 1, 164, 285, 220, 0, 0.40%, 42, 43, 5, 53.04
1592600450, 1, 164, 286, 221, 0, 0.40%, 42, 43, 5, 52.22
1592600470, 1, 164, 287, 222, 0, 0.40%, 42, 43, 5, 52.70
1592600496, 1, 164, 288, 223, 0, 0.40%, 42, 43, 5, 52.09
1592600522, 1, 164, 289, 224, 0, 0.40%, 42, 43, 5, 52.42
1592600538, 1, 164, 290, 225, 0, 0.40%, 42, 43, 5, 53.03
1592600599, 1, 164, 291, 226, 0, 0.40%, 42, 43, 5, 53.15
1592600752, 1, 164, 292, 227, 0, 0.40%, 42, 43, 5, 49.79
1592600828, 1, 164, 292, 227, 0, 0.40%, 42, 44, 5, 50.02
1592600833, 1, 164, 293, 228, 0, 0.40%, 42, 44, 5, 51.91
1592600844, 1, 164, 293, 228, 0, 0.40%, 42, 45, 5, 50.80
1592601073, 1, 165, 293, 227, 0, 0.40%, 42, 45, 5, 49.74
1592601311, 1, 165, 294, 228, 0, 0.40%, 42, 45, 5, 49.65
1592601326, 1, 165, 295, 229, 0, 0.40%, 42, 45, 5, 49.52
1592601342, 1, 165, 296, 230, 0, 0.40%, 42, 45, 5, 50.27
1592601352, 1, 165, 297, 231, 0, 0.40%, 42, 45, 5, 49.80
1592601428, 1, 165, 298, 232, 0, 0.40%, 42, 45, 5, 48.33
1592601453, 1, 165, 299, 233, 0, 0.40%, 42, 45, 5, 48.95
1592601464, 1, 165, 300, 234, 0, 0.40%, 42, 45, 5, 49.64
1592601469, 1, 165, 301, 235, 0, 0.40%, 42, 45, 5, 49.81
1592601530, 1, 165, 302, 236, 0, 0.40%, 42, 45, 5, 47.74
1592601560, 1, 165, 303, 237, 0, 0.40%, 42, 46, 5, 50.17
1592601636, 1, 165, 305, 239, 0, 0.40%, 42, 46, 5, 52.33
1592601677, 1, 165, 306, 240, 0, 0.40%, 42, 46, 5, 48.84
1592601783, 1, 165, 306, 240, 0, 0.40%, 42, 47, 5, 48.18
1592601895, 1, 165, 307, 241, 0, 0.40%, 42, 47, 5, 49.90
1592601951, 1, 167, 307, 240, 0, 0.40%, 42, 47, 5, 49.67
1592602175, 1, 170, 307, 239, 0, 0.40%, 42, 47, 5, 50.20
1592602358, 1, 170, 308, 240, 0, 0.40%, 42, 47, 5, 50.86
1592602383, 1, 170, 309, 241, 0, 0.40%, 42, 47, 5, 50.67
1592602409, 1, 175, 309, 240, 0, 0.40%, 42, 47, 5, 50.26
